h00 = [4 + j*(12)
8 + j*(24)
12 + j*(36)
16 + j*(48)
20 + j*(60)
24 + j*(76)
28 + j*(44)
36 + j*(16)
44 + j*(-8)
48 + j*(-36)
56 + j*(-64)
64 + j*(-88)
60 + j*(-80)
56 + j*(-68)
60 + j*(-56)
56 + j*(-48)
52 + j*(-36)
56 + j*(-24)
52 + j*(-28)
52 + j*(-32)
52 + j*(-36)
52 + j*(-36)
52 + j*(-40)
52 + j*(-44)
64 + j*(-52)
76 + j*(-56)
84 + j*(-64)
96 + j*(-68)
108 + j*(-76)
120 + j*(-80)
108 + j*(-64)
96 + j*(-40)
84 + j*(-20)
72 + j*(-4)
64 + j*(16)
52 + j*(40)
56 + j*(32)
56 + j*(28)
60 + j*(32)
64 + j*(24)
68 + j*(20)
72 + j*(24)
76 + j*(8)
84 + j*(0)
92 + j*(-4)
100 + j*(-16)
104 + j*(-24)
112 + j*(-28)
116 + j*(-8)
128 + j*(16)
136 + j*(40)
144 + j*(64)
148 + j*(88)
160 + j*(116)
144 + j*(88)
132 + j*(60)
116 + j*(32)
100 + j*(4)
84 + j*(-24)
72 + j*(-48)
80 + j*(-44)
92 + j*(-40)
104 + j*(-36)
116 + j*(-32)
124 + j*(-28)
136 + j*(-24)
132 + j*(-32)
132 + j*(-40)
132 + j*(-44)
128 + j*(-52)
128 + j*(-60)
128 + j*(-64)
132 + j*(-56)
132 + j*(-44)
140 + j*(-32)
140 + j*(-24)
144 + j*(-12)
152 + j*(0)
124 + j*(28)
104 + j*(60)
84 + j*(92)
60 + j*(120)
36 + j*(152)
16 + j*(184)
24 + j*(168)
36 + j*(152)
44 + j*(140)
52 + j*(124)
60 + j*(108)
72 + j*(96)
76 + j*(72)
80 + j*(48)
84 + j*(28)
88 + j*(4)
92 + j*(-20)
100 + j*(-40)
100 + j*(-36)
108 + j*(-24)
120 + j*(-12)
124 + j*(-8)
132 + j*(4)
144 + j*(16)
124 + j*(4)
108 + j*(-4)
96 + j*(-8)
76 + j*(-20)
64 + j*(-28)
52 + j*(-32)
48 + j*(-28)
40 + j*(-24)
36 + j*(-16)
32 + j*(-12)
32 + j*(-8)
28 + j*(0)
40 + j*(-12)
48 + j*(-24)
60 + j*(-32)
72 + j*(-44)
88 + j*(-52)
100 + j*(-64)
88 + j*(-52)
76 + j*(-40)
68 + j*(-28)
60 + j*(-16)
48 + j*(-4)
40 + j*(12)
48 + j*(8)
60 + j*(8)
68 + j*(8)
76 + j*(8)
84 + j*(4)
96 + j*(8)
96 + j*(-8)
100 + j*(-20)
100 + j*(-28)
104 + j*(-44)
108 + j*(-56)
108 + j*(-64)
120 + j*(-76)
128 + j*(-84)
140 + j*(-88)
152 + j*(-100)
160 + j*(-104)
176 + j*(-112)
156 + j*(-96)
144 + j*(-84)
128 + j*(-68)
112 + j*(-56)
100 + j*(-40)
84 + j*(-24)
92 + j*(-32)
104 + j*(-40)
116 + j*(-52)
124 + j*(-60)
136 + j*(-68)
160 + j*(-84)
136 + j*(-80)
116 + j*(-68)
100 + j*(-64)
80 + j*(-52)
56 + j*(-48)
40 + j*(-36)
52 + j*(-28)
72 + j*(-16)
88 + j*(-4)
100 + j*(8)
116 + j*(20)
136 + j*(36)
120 + j*(24)
108 + j*(12)
96 + j*(8)
84 + j*(-4)
68 + j*(-12)
60 + j*(-16)
60 + j*(-8)
64 + j*(4)
64 + j*(16)
68 + j*(24)
72 + j*(36)
76 + j*(48)
72 + j*(44)
64 + j*(40)
60 + j*(40)
60 + j*(36)
56 + j*(36)
52 + j*(36)
64 + j*(20)
76 + j*(4)
84 + j*(-4)
96 + j*(-20)
108 + j*(-32)
120 + j*(-40)
116 + j*(-36)
116 + j*(-28)
116 + j*(-16)
112 + j*(-12)
112 + j*(-4)
112 + j*(8)
108 + j*(-4)
104 + j*(-8)
104 + j*(-16)
100 + j*(-24)
96 + j*(-32)
100 + j*(-36)
100 + j*(-28)
108 + j*(-16)
112 + j*(-8)
120 + j*(4)
128 + j*(12)
132 + j*(28)
108 + j*(24)
80 + j*(28)
52 + j*(32)
28 + j*(32)
0 + j*(36)
-24 + j*(40)
-16 + j*(20)
-4 + j*(0)
8 + j*(-12)
20 + j*(-32)
32 + j*(-52)
44 + j*(-64)
48 + j*(-52)
52 + j*(-36)
60 + j*(-20)
64 + j*(-8)
72 + j*(8)
80 + j*(28)
68 + j*(12)
52 + j*(4)
44 + j*(-8)
28 + j*(-16)
20 + j*(-28)
12 + j*(-36)
20 + j*(-48)
28 + j*(-52)
40 + j*(-64)
52 + j*(-68)
64 + j*(-80)
76 + j*(-84)
80 + j*(-84)
84 + j*(-80)
88 + j*(-80)
92 + j*(-76)
100 + j*(-76)
104 + j*(-72)
100 + j*(-56)
92 + j*(-36)
92 + j*(-16)
84 + j*(0)
84 + j*(20)
84 + j*(40)
80 + j*(32)
76 + j*(28)
76 + j*(28)
72 + j*(24)
72 + j*(20)
72 + j*(20)
80 + j*(28)
88 + j*(36)
100 + j*(48)
108 + j*(56)
120 + j*(64)
128 + j*(80)
132 + j*(68)
132 + j*(60)
140 + j*(52)
140 + j*(40)
148 + j*(32)
156 + j*(24)
128 + j*(28)
104 + j*(32)
88 + j*(40)
60 + j*(44)
40 + j*(48)
24 + j*(56)
44 + j*(52)
68 + j*(56)
100 + j*(60)
120 + j*(56)
148 + j*(60)
176 + j*(64)
148 + j*(56)
116 + j*(52)
88 + j*(56)
56 + j*(48)
28 + j*(44)
0 + j*(48)
16 + j*(32)
32 + j*(24)
48 + j*(20)
64 + j*(4)
80 + j*(-4)
96 + j*(-8)
92 + j*(0)
92 + j*(8)
96 + j*(24)
92 + j*(32)
92 + j*(40)
96 + j*(56)
88 + j*(64)
88 + j*(72)
92 + j*(88)
88 + j*(96)
88 + j*(108)
0 + j*(0)
0 + j*(0)
0 + j*(0)
0 + j*(0)
0 + j*(0)
0 + j*(0)
0 + j*(0)
0 + j*(0)
0 + j*(0)
0 + j*(0)
0 + j*(0)
0 + j*(0)
0 + j*(0)
0 + j*(0)
0 + j*(0)
0 + j*(0)
0 + j*(0)
0 + j*(0)
0 + j*(0)
0 + j*(0)
0 + j*(0)
0 + j*(0)
0 + j*(0)
0 + j*(0)
0 + j*(0)
0 + j*(0)
0 + j*(0)
0 + j*(0)
0 + j*(0)
0 + j*(0)
0 + j*(0)
0 + j*(0)
0 + j*(0)
0 + j*(0)
0 + j*(0)
0 + j*(0)
0 + j*(0)
0 + j*(0)
0 + j*(0)
0 + j*(0)
0 + j*(0)
0 + j*(0)
0 + j*(0)
0 + j*(0)
0 + j*(0)
0 + j*(0)
0 + j*(0)
0 + j*(0)
0 + j*(0)
0 + j*(0)
0 + j*(0)
0 + j*(0)
0 + j*(0)
0 + j*(0)
0 + j*(0)
0 + j*(0)
0 + j*(0)
0 + j*(0)
0 + j*(0)
0 + j*(0)
0 + j*(0)
0 + j*(0)
0 + j*(0)
0 + j*(0)
0 + j*(0)
0 + j*(0)
0 + j*(0)
0 + j*(0)
0 + j*(0)
0 + j*(0)
0 + j*(0)
0 + j*(0)
0 + j*(0)
0 + j*(0)
0 + j*(0)
0 + j*(0)
0 + j*(0)
0 + j*(0)
0 + j*(0)
0 + j*(0)
0 + j*(0)
0 + j*(0)
0 + j*(0)
0 + j*(0)
0 + j*(0)
0 + j*(0)
0 + j*(0)
0 + j*(0)
0 + j*(0)
0 + j*(0)
0 + j*(0)
0 + j*(0)
0 + j*(0)
0 + j*(0)
0 + j*(0)
0 + j*(0)
0 + j*(0)
0 + j*(0)
0 + j*(0)
0 + j*(0)
0 + j*(0)
0 + j*(0)
0 + j*(0)
0 + j*(0)
0 + j*(0)
0 + j*(0)
0 + j*(0)
0 + j*(0)
0 + j*(0)
0 + j*(0)
0 + j*(0)
0 + j*(0)
0 + j*(0)
0 + j*(0)
0 + j*(0)
0 + j*(0)
0 + j*(0)
0 + j*(0)
0 + j*(0)
0 + j*(0)
0 + j*(0)
0 + j*(0)
0 + j*(0)
0 + j*(0)
0 + j*(0)
0 + j*(0)
0 + j*(0)
0 + j*(0)
0 + j*(0)
0 + j*(0)
0 + j*(0)
0 + j*(0)
0 + j*(0)
0 + j*(0)
0 + j*(0)
0 + j*(0)
0 + j*(0)
0 + j*(0)
0 + j*(0)
0 + j*(0)
0 + j*(0)
0 + j*(0)
0 + j*(0)
0 + j*(0)
0 + j*(0)
0 + j*(0)
0 + j*(0)
0 + j*(0)
0 + j*(0)
0 + j*(0)
0 + j*(0)
0 + j*(0)
0 + j*(0)
0 + j*(0)
0 + j*(0)
0 + j*(0)
0 + j*(0)
0 + j*(0)
0 + j*(0)
0 + j*(0)
0 + j*(0)
0 + j*(0)
0 + j*(0)
0 + j*(0)
0 + j*(0)
0 + j*(0)
0 + j*(0)
0 + j*(0)
0 + j*(0)
0 + j*(0)
0 + j*(0)
0 + j*(0)
0 + j*(0)
0 + j*(0)
0 + j*(0)
0 + j*(0)
0 + j*(0)
0 + j*(0)
0 + j*(0)
0 + j*(0)
0 + j*(0)
0 + j*(0)
0 + j*(0)
0 + j*(0)
0 + j*(0)
0 + j*(0)
0 + j*(0)
0 + j*(0)
0 + j*(0)
0 + j*(0)
0 + j*(0)
0 + j*(0)
0 + j*(0)
0 + j*(0)
0 + j*(0)
0 + j*(0)
0 + j*(0)
0 + j*(0)
0 + j*(0)
0 + j*(0)
0 + j*(0)
0 + j*(0)
0 + j*(0)
0 + j*(0)
0 + j*(0)
0 + j*(0)
0 + j*(0)
2 + j*(8)
6 + j*(18)
8 + j*(26)
12 + j*(36)
14 + j*(44)
56 + j*(12)
54 + j*(-8)
54 + j*(-24)
54 + j*(-38)
52 + j*(-56)
52 + j*(-72)
54 + j*(-86)
44 + j*(-76)
36 + j*(-64)
34 + j*(-48)
36 + j*(-40)
34 + j*(-30)
42 + j*(-18)
42 + j*(-20)
46 + j*(-20)
50 + j*(-22)
50 + j*(-26)
50 + j*(-30)
50 + j*(-38)
60 + j*(-48)
68 + j*(-52)
74 + j*(-62)
88 + j*(-60)
102 + j*(-62)
116 + j*(-58)
112 + j*(-40)
110 + j*(-18)
104 + j*(2)
90 + j*(10)
76 + j*(22)
58 + j*(36)
56 + j*(26)
48 + j*(18)
44 + j*(18)
52 + j*(14)
58 + j*(14)
68 + j*(22)
74 + j*(14)
86 + j*(10)
96 + j*(10)
102 + j*(0)
106 + j*(-6)
112 + j*(-10)
116 + j*(6)
126 + j*(22)
132 + j*(42)
136 + j*(56)
136 + j*(70)
144 + j*(88)
130 + j*(64)
118 + j*(40)
104 + j*(18)
88 + j*(-4)
74 + j*(-22)
64 + j*(-38)
68 + j*(-34)
72 + j*(-28)
80 + j*(-24)
90 + j*(-24)
98 + j*(-24)
110 + j*(-22)
110 + j*(-30)
110 + j*(-38)
114 + j*(-44)
114 + j*(-54)
116 + j*(-62)
120 + j*(-66)
124 + j*(-62)
126 + j*(-58)
136 + j*(-50)
138 + j*(-44)
144 + j*(-36)
154 + j*(-26)
134 + j*(-4)
122 + j*(20)
110 + j*(44)
88 + j*(72)
68 + j*(102)
52 + j*(132)
54 + j*(124)
60 + j*(118)
64 + j*(116)
70 + j*(94)
78 + j*(76)
88 + j*(62)
92 + j*(36)
96 + j*(10)
100 + j*(-12)
100 + j*(-26)
98 + j*(-40)
100 + j*(-48)
96 + j*(-42)
98 + j*(-28)
104 + j*(-14)
106 + j*(-6)
114 + j*(8)
126 + j*(26)
110 + j*(20)
100 + j*(22)
94 + j*(26)
76 + j*(8)
68 + j*(-6)
60 + j*(-14)
58 + j*(-20)
