pbch0_comp = [409 + j*(1256)
1142 + j*(-428)
72 + j*(690)
-365 + j*(-470)
-840 + j*(714)
821 + j*(-1187)
841 + j*(-1879)
369 + j*(-654)
-353 + j*(-1994)
2352 + j*(1277)
43 + j*(1667)
-878 + j*(13)
-95 + j*(-3619)
11 + j*(5161)
-3069 + j*(-452)
-3148 + j*(-2140)
3631 + j*(415)
586 + j*(314)
-1652 + j*(479)
2060 + j*(-1610)
-1237 + j*(1561)
1106 + j*(1842)
-515 + j*(-1065)
-2661 + j*(1846)
-1142 + j*(2096)
1696 + j*(1775)
778 + j*(1217)
482 + j*(-198)
918 + j*(-455)
977 + j*(-795)
1516 + j*(-250)
2084 + j*(1596)
474 + j*(2291)
1281 + j*(-1892)
-1189 + j*(1766)
-1696 + j*(346)
-896 + j*(436)
74 + j*(-866)
-1124 + j*(-327)
-243 + j*(1753)
654 + j*(-1006)
-1102 + j*(-168)
-257 + j*(497)
686 + j*(-65)
474 + j*(-967)
2072 + j*(63)
1794 + j*(442)
-2014 + j*(-1706)
-12851 + j*(-12851)
-12851 + j*(-12851)
-12851 + j*(-12851)
-12851 + j*(-12851)
-12851 + j*(-12851)
-12851 + j*(-12851)
-12851 + j*(-12851)
-12851 + j*(-12851)
-12851 + j*(-12851)
-12851 + j*(-12851)
-12851 + j*(-12851)
-12851 + j*(-12851)
-12851 + j*(-12851)
-12851 + j*(-12851)
-12851 + j*(-12851)
-12851 + j*(-12851)
-12851 + j*(-12851)
-12851 + j*(-12851)
-12851 + j*(-12851)
-12851 + j*(-12851)
-12851 + j*(-12851)
-12851 + j*(-12851)
-12851 + j*(-12851)
-12851 + j*(-12851)
1393 + j*(1351)
2584 + j*(-2928)
-609 + j*(-1313)
497 + j*(-2348)
-1441 + j*(-1893)
1905 + j*(1625)
372 + j*(-1344)
-271 + j*(-1188)
-1446 + j*(1453)
511 + j*(442)
522 + j*(949)
-1713 + j*(1478)
1729 + j*(-2800)
25 + j*(-1709)
-372 + j*(216)
-307 + j*(-1571)
-593 + j*(-72)
-1360 + j*(-1165)
-880 + j*(-1457)
1162 + j*(2243)
60 + j*(1208)
1267 + j*(2499)
-2033 + j*(178)
-413 + j*(-934)
-301 + j*(-20)
-637 + j*(-604)
626 + j*(148)
-737 + j*(-192)
-403 + j*(-1160)
335 + j*(-1635)
-725 + j*(1818)
-1693 + j*(596)
1122 + j*(-1168)
1445 + j*(553)
-222 + j*(825)
2404 + j*(-1448)
-1215 + j*(1196)
1959 + j*(1397)
1529 + j*(-1264)
-79 + j*(-2905)
1410 + j*(1811)
-1724 + j*(2927)
2276 + j*(-4069)
-244 + j*(-3489)
-1300 + j*(1360)
819 + j*(-1517)
2723 + j*(233)
-1422 + j*(-1843)
-12851 + j*(-12851)
-12851 + j*(-12851)
-12851 + j*(-12851)
-12851 + j*(-12851)
-12851 + j*(-12851)
-12851 + j*(-12851)
-12851 + j*(-12851)
-12851 + j*(-12851)
-12851 + j*(-12851)
-12851 + j*(-12851)
-12851 + j*(-12851)
-12851 + j*(-12851)
-12851 + j*(-12851)
-12851 + j*(-12851)
-12851 + j*(-12851)
-12851 + j*(-12851)
-12851 + j*(-12851)
-12851 + j*(-12851)
-12851 + j*(-12851)
-12851 + j*(-12851)
-12851 + j*(-12851)
-12851 + j*(-12851)
-12851 + j*(-12851)
-12851 + j*(-12851)
-13 + j*(-2)
4 + j*(-7)
13 + j*(7)
21 + j*(13)
19 + j*(6)
-8 + j*(11)
24 + j*(-7)
9 + j*(-15)
-6 + j*(16)
0 + j*(-19)
7 + j*(22)
1 + j*(11)
-11 + j*(2)
8 + j*(0)
3 + j*(3)
10 + j*(-6)
-3 + j*(-12)
-2 + j*(-19)
3 + j*(-11)
-15 + j*(6)
3 + j*(-14)
-15 + j*(-12)
1 + j*(-1)
-12 + j*(6)
-10 + j*(9)
2 + j*(-9)
11 + j*(-4)
-12 + j*(15)
-12 + j*(-11)
-8 + j*(-22)
23 + j*(-8)
-11 + j*(-6)
-5 + j*(-5)
-20 + j*(0)
-6 + j*(-16)
5 + j*(-13)
-2 + j*(7)
-4 + j*(-5)
-3 + j*(-4)
-5 + j*(7)
2 + j*(-1)
0 + j*(-6)
0 + j*(-10)
0 + j*(-13)
0 + j*(-8)
-9 + j*(21)
-1 + j*(11)
13 + j*(5)
14 + j*(1)
-2 + j*(5)
3 + j*(-11)
-4 + j*(-3)
16 + j*(-4)
-5 + j*(-8)
-23 + j*(7)
-8 + j*(-6)
1 + j*(-24)
-16 + j*(-1)
-9 + j*(-10)
17 + j*(-7)
9 + j*(5)
1 + j*(2)
-26 + j*(12)
-12 + j*(-13)
14 + j*(-1)
-23 + j*(1)
16 + j*(9)
-26 + j*(10)
2 + j*(-17)
-14 + j*(14)
-12 + j*(9)
-11 + j*(-4)
9 + j*(18)
12 + j*(8)
18 + j*(7)
19 + j*(2)
-18 + j*(-8)
2 + j*(-16)
14 + j*(9)
12 + j*(-29)
3 + j*(16)
-4 + j*(18)
-9 + j*(-22)
21 + j*(4)
-12 + j*(4)
6 + j*(-6)
-6 + j*(10)
5 + j*(-4)
3 + j*(-9)
1 + j*(1)
7 + j*(-18)
-3 + j*(-19)
-10 + j*(-13)
12 + j*(-3)
15 + j*(-12)
14 + j*(16)
17 + j*(-5)
-3 + j*(-8)
-1 + j*(11)
2 + j*(4)
13 + j*(-5)
-26 + j*(12)
-14 + j*(9)
7 + j*(9)
0 + j*(28)
-11 + j*(8)
-13 + j*(-1)
0 + j*(-7)
-2 + j*(-5)
2 + j*(6)
3 + j*(7)
9 + j*(-1)
0 + j*(10)
2 + j*(-5)
17 + j*(-4)
6 + j*(-4)
-17 + j*(-6)
9 + j*(10)
8 + j*(6)
10 + j*(0)
2 + j*(-5)
-1 + j*(7)
2 + j*(6)
-12 + j*(5)
-3 + j*(-28)
14 + j*(2)
-25 + j*(-3)
7 + j*(10)
-1 + j*(3)
11 + j*(10)
0 + j*(-31)
-20 + j*(-10)
32 + j*(0)
11 + j*(-12)
20 + j*(-11)
-14 + j*(10)
-9 + j*(-2)
5 + j*(-6)
-11 + j*(2)
4 + j*(3)
18 + j*(-9)
7 + j*(-8)
-9 + j*(-4)
-13 + j*(-14)
];
