pbch0_ext = [78 + j*(69)
76 + j*(-84)
32 + j*(84)
-67 + j*(-74)
-155 + j*(90)
128 + j*(-139)
108 + j*(-185)
38 + j*(-60)
-43 + j*(-163)
201 + j*(64)
49 + j*(108)
-51 + j*(27)
-114 + j*(-170)
149 + j*(226)
-124 + j*(57)
-160 + j*(-4)
145 + j*(-67)
32 + j*(-1)
-81 + j*(74)
98 + j*(-167)
-54 + j*(154)
122 + j*(96)
-54 + j*(-43)
-82 + j*(149)
4 + j*(121)
141 + j*(41)
111 + j*(51)
26 + j*(-50)
81 + j*(-112)
85 + j*(-106)
122 + j*(-9)
121 + j*(132)
1 + j*(153)
109 + j*(-127)
-105 + j*(172)
-187 + j*(71)
-110 + j*(71)
16 + j*(-107)
-105 + j*(-77)
-99 + j*(144)
102 + j*(-48)
-89 + j*(-78)
-54 + j*(33)
73 + j*(39)
88 + j*(-92)
217 + j*(21)
151 + j*(7)
-172 + j*(-77)
-12851 + j*(-12851)
-12851 + j*(-12851)
-12851 + j*(-12851)
-12851 + j*(-12851)
-12851 + j*(-12851)
-12851 + j*(-12851)
-12851 + j*(-12851)
-12851 + j*(-12851)
-12851 + j*(-12851)
-12851 + j*(-12851)
-12851 + j*(-12851)
-12851 + j*(-12851)
-12851 + j*(-12851)
-12851 + j*(-12851)
-12851 + j*(-12851)
-12851 + j*(-12851)
-12851 + j*(-12851)
-12851 + j*(-12851)
-12851 + j*(-12851)
-12851 + j*(-12851)
-12851 + j*(-12851)
-12851 + j*(-12851)
-12851 + j*(-12851)
-12851 + j*(-12851)
50 + j*(92)
164 + j*(-112)
-22 + j*(-65)
25 + j*(-106)
-81 + j*(-80)
120 + j*(57)
-29 + j*(-91)
-88 + j*(-52)
38 + j*(186)
63 + j*(-5)
67 + j*(53)
-91 + j*(116)
93 + j*(-172)
-2 + j*(-112)
-30 + j*(18)
-48 + j*(-148)
-59 + j*(7)
-139 + j*(-68)
-92 + j*(-70)
126 + j*(95)
47 + j*(68)
185 + j*(99)
-139 + j*(157)
-122 + j*(-45)
-71 + j*(35)
-182 + j*(-179)
61 + j*(110)
-38 + j*(-108)
70 + j*(-115)
132 + j*(-97)
-129 + j*(119)
-160 + j*(9)
102 + j*(-105)
150 + j*(31)
11 + j*(78)
133 + j*(-195)
-51 + j*(118)
162 + j*(57)
97 + j*(-98)
-2 + j*(-197)
71 + j*(131)
-134 + j*(150)
164 + j*(-193)
21 + j*(-182)
-80 + j*(60)
57 + j*(-77)
165 + j*(51)
-59 + j*(-149)
-12851 + j*(-12851)
-12851 + j*(-12851)
-12851 + j*(-12851)
-12851 + j*(-12851)
-12851 + j*(-12851)
-12851 + j*(-12851)
-12851 + j*(-12851)
-12851 + j*(-12851)
-12851 + j*(-12851)
-12851 + j*(-12851)
-12851 + j*(-12851)
-12851 + j*(-12851)
-12851 + j*(-12851)
-12851 + j*(-12851)
-12851 + j*(-12851)
-12851 + j*(-12851)
-12851 + j*(-12851)
-12851 + j*(-12851)
-12851 + j*(-12851)
-12851 + j*(-12851)
-12851 + j*(-12851)
-12851 + j*(-12851)
-12851 + j*(-12851)
-12851 + j*(-12851)
-86 + j*(-57)
52 + j*(-32)
75 + j*(83)
115 + j*(133)
122 + j*(69)
-52 + j*(68)
142 + j*(-37)
51 + j*(-99)
-15 + j*(112)
-34 + j*(-120)
133 + j*(139)
73 + j*(87)
-58 + j*(102)
72 + j*(-68)
68 + j*(-1)
54 + j*(-147)
-94 + j*(-113)
-59 + j*(-178)
21 + j*(-94)
-123 + j*(64)
37 + j*(-115)
-120 + j*(-110)
19 + j*(-7)
-113 + j*(71)
-94 + j*(115)
10 + j*(-86)
99 + j*(-56)
-62 + j*(154)
-122 + j*(-46)
-133 + j*(-134)
136 + j*(-146)
-108 + j*(14)
-71 + j*(-1)
-133 + j*(191)
-211 + j*(-64)
-101 + j*(-184)
88 + j*(166)
-139 + j*(-83)
-73 + j*(-92)
-153 + j*(110)
52 + j*(12)
58 + j*(-54)
91 + j*(-75)
98 + j*(-108)
51 + j*(-54)
-168 + j*(110)
-55 + j*(107)
136 + j*(100)
170 + j*(36)
-11 + j*(76)
-34 + j*(-146)
-59 + j*(15)
117 + j*(-157)
-89 + j*(-29)
-120 + j*(178)
-82 + j*(-5)
-78 + j*(-167)
-107 + j*(41)
-85 + j*(-52)
129 + j*(-76)
75 + j*(40)
16 + j*(17)
-212 + j*(78)
-69 + j*(-108)
108 + j*(9)
-165 + j*(-1)
111 + j*(74)
-192 + j*(76)
11 + j*(-134)
-93 + j*(123)
-96 + j*(91)
-99 + j*(-45)
-22 + j*(223)
66 + j*(133)
115 + j*(128)
131 + j*(79)
-107 + j*(-95)
36 + j*(-111)
96 + j*(64)
70 + j*(-189)
42 + j*(101)
6 + j*(110)
-110 + j*(-124)
185 + j*(-53)
-69 + j*(111)
7 + j*(-109)
66 + j*(148)
2 + j*(-102)
-51 + j*(-135)
29 + j*(10)
53 + j*(-198)
-38 + j*(-185)
-83 + j*(-119)
107 + j*(-2)
143 + j*(-84)
139 + j*(148)
161 + j*(-45)
-30 + j*(-60)
14 + j*(94)
23 + j*(29)
97 + j*(-73)
-148 + j*(197)
-50 + j*(138)
124 + j*(13)
246 + j*(172)
43 + j*(149)
-75 + j*(149)
-77 + j*(-61)
-77 + j*(-67)
102 + j*(109)
85 + j*(142)
151 + j*(32)
-50 + j*(149)
56 + j*(-33)
174 + j*(80)
69 + j*(10)
-88 + j*(-118)
17 + j*(110)
49 + j*(87)
119 + j*(41)
37 + j*(-58)
51 + j*(116)
100 + j*(21)
18 + j*(153)
-263 + j*(-99)
92 + j*(-97)
-145 + j*(136)
100 + j*(20)
14 + j*(22)
91 + j*(16)
-99 + j*(-185)
-157 + j*(-10)
234 + j*(-59)
77 + j*(-114)
161 + j*(-98)
-117 + j*(68)
-68 + j*(-12)
44 + j*(-52)
-78 + j*(30)
42 + j*(22)
121 + j*(-120)
32 + j*(-80)
-82 + j*(-5)
-163 + j*(-128)
];
