pdcch_rxF_ext0 = [12 + j*(-153)
18 + j*(-155)
-1 + j*(140)
-158 + j*(-17)
22 + j*(-142)
-148 + j*(-26)
-17 + j*(142)
-20 + j*(140)
-146 + j*(-31)
24 + j*(-152)
-150 + j*(-14)
-143 + j*(-15)
-16 + j*(149)
-21 + j*(162)
-149 + j*(-18)
16 + j*(-145)
-134 + j*(-26)
150 + j*(16)
-140 + j*(-14)
-159 + j*(-16)
-18 + j*(148)
142 + j*(33)
-152 + j*(-7)
133 + j*(20)
-17 + j*(159)
13 + j*(-139)
13 + j*(-138)
11 + j*(-144)
151 + j*(36)
-12 + j*(144)
8 + j*(-136)
-161 + j*(-20)
25 + j*(-135)
-8 + j*(146)
157 + j*(8)
-142 + j*(-22)
-154 + j*(-28)
29 + j*(-148)
-15 + j*(159)
-153 + j*(-23)
22 + j*(-156)
-131 + j*(-31)
-22 + j*(158)
154 + j*(14)
137 + j*(19)
22 + j*(-140)
-157 + j*(-29)
140 + j*(10)
-24 + j*(156)
139 + j*(23)
-29 + j*(147)
151 + j*(22)
146 + j*(19)
-134 + j*(-29)
151 + j*(11)
27 + j*(-150)
16 + j*(-152)
7 + j*(-153)
-16 + j*(145)
-17 + j*(152)
28 + j*(-140)
20 + j*(-148)
-30 + j*(143)
-22 + j*(157)
-151 + j*(-15)
-15 + j*(142)
29 + j*(-135)
23 + j*(-146)
-33 + j*(153)
136 + j*(31)
-22 + j*(144)
-143 + j*(-19)
-24 + j*(155)
-151 + j*(-10)
-17 + j*(142)
-12 + j*(131)
-23 + j*(166)
-20 + j*(145)
-143 + j*(-19)
11 + j*(-142)
-23 + j*(152)
152 + j*(23)
134 + j*(30)
-151 + j*(-17)
-153 + j*(-13)
156 + j*(9)
-23 + j*(130)
142 + j*(21)
138 + j*(9)
-153 + j*(-9)
146 + j*(9)
-167 + j*(-21)
135 + j*(32)
-133 + j*(-13)
-155 + j*(-13)
-150 + j*(-25)
6 + j*(-147)
19 + j*(-164)
21 + j*(-143)
19 + j*(-144)
143 + j*(23)
5 + j*(-155)
133 + j*(25)
-16 + j*(141)
23 + j*(-154)
-13 + j*(154)
-150 + j*(-37)
-142 + j*(-17)
-151 + j*(-25)
15 + j*(-142)
-17 + j*(155)
124 + j*(35)
155 + j*(21)
144 + j*(14)
-33 + j*(151)
-16 + j*(155)
152 + j*(15)
-23 + j*(146)
-148 + j*(-32)
15 + j*(-165)
-144 + j*(-20)
-17 + j*(159)
-37 + j*(147)
149 + j*(12)
26 + j*(-129)
-22 + j*(155)
17 + j*(-142)
13 + j*(-145)
-150 + j*(-12)
20 + j*(-142)
28 + j*(-151)
30 + j*(-146)
-132 + j*(-7)
-24 + j*(152)
-17 + j*(160)
-27 + j*(150)
-151 + j*(-15)
15 + j*(-155)
-24 + j*(153)
-16 + j*(149)
18 + j*(-147)
-18 + j*(160)
-159 + j*(-10)
154 + j*(7)
155 + j*(9)
148 + j*(29)
-151 + j*(-32)
155 + j*(13)
22 + j*(-150)
-157 + j*(-22)
-143 + j*(-18)
-26 + j*(147)
-154 + j*(-18)
-150 + j*(-14)
-145 + j*(-21)
20 + j*(-153)
-162 + j*(-32)
150 + j*(41)
139 + j*(27)
-20 + j*(151)
8 + j*(-153)
-160 + j*(-22)
-152 + j*(-44)
-20 + j*(142)
156 + j*(23)
18 + j*(-160)
-21 + j*(144)
-149 + j*(-18)
-17 + j*(153)
24 + j*(-158)
-30 + j*(158)
147 + j*(23)
-151 + j*(-14)
143 + j*(8)
162 + j*(23)
160 + j*(11)
26 + j*(-150)
13 + j*(-157)
150 + j*(25)
139 + j*(20)
16 + j*(-144)
31 + j*(-151)
-24 + j*(138)
151 + j*(20)
148 + j*(15)
126 + j*(20)
-18 + j*(157)
23 + j*(-146)
144 + j*(26)
128 + j*(12)
152 + j*(18)
23 + j*(-135)
166 + j*(6)
-23 + j*(158)
147 + j*(19)
-29 + j*(145)
135 + j*(19)
144 + j*(28)
142 + j*(22)
-18 + j*(152)
-12851 + j*(-12851)
-12851 + j*(-12851)
-12851 + j*(-12851)
-12851 + j*(-12851)
-12851 + j*(-12851)
-12851 + j*(-12851)
-12851 + j*(-12851)
-12851 + j*(-12851)
-12851 + j*(-12851)
-12851 + j*(-12851)
-12851 + j*(-12851)
-12851 + j*(-12851)
-12851 + j*(-12851)
-12851 + j*(-12851)
-12851 + j*(-12851)
-12851 + j*(-12851)
-12851 + j*(-12851)
-12851 + j*(-12851)
-12851 + j*(-12851)
-12851 + j*(-12851)
-12851 + j*(-12851)
-12851 + j*(-12851)
-12851 + j*(-12851)
-12851 + j*(-12851)
-12851 + j*(-12851)
-12851 + j*(-12851)
-12851 + j*(-12851)
-12851 + j*(-12851)
-12851 + j*(-12851)
-12851 + j*(-12851)
-12851 + j*(-12851)
-12851 + j*(-12851)
-12851 + j*(-12851)
-12851 + j*(-12851)
-12851 + j*(-12851)
-12851 + j*(-12851)
-12851 + j*(-12851)
-12851 + j*(-12851)
-12851 + j*(-12851)
-12851 + j*(-12851)
-12851 + j*(-12851)
-12851 + j*(-12851)
-12851 + j*(-12851)
-12851 + j*(-12851)
-12851 + j*(-12851)
-12851 + j*(-12851)
-12851 + j*(-12851)
-12851 + j*(-12851)
-12851 + j*(-12851)
-12851 + j*(-12851)
-12851 + j*(-12851)
-12851 + j*(-12851)
-12851 + j*(-12851)
-12851 + j*(-12851)
-12851 + j*(-12851)
-12851 + j*(-12851)
-12851 + j*(-12851)
-12851 + j*(-12851)
-12851 + j*(-12851)
-12851 + j*(-12851)
-12851 + j*(-12851)
-12851 + j*(-12851)
-12851 + j*(-12851)
-12851 + j*(-12851)
-12851 + j*(-12851)
-12851 + j*(-12851)
-12851 + j*(-12851)
-12851 + j*(-12851)
-12851 + j*(-12851)
-12851 + j*(-12851)
-12851 + j*(-12851)
-12851 + j*(-12851)
-12851 + j*(-12851)
-12851 + j*(-12851)
-12851 + j*(-12851)
-12851 + j*(-12851)
-12851 + j*(-12851)
-12851 + j*(-12851)
-12851 + j*(-12851)
-12851 + j*(-12851)
-12851 + j*(-12851)
-12851 + j*(-12851)
-12851 + j*(-12851)
-12851 + j*(-12851)
-12851 + j*(-12851)
-12851 + j*(-12851)
-12851 + j*(-12851)
-12851 + j*(-12851)
-12851 + j*(-12851)
-12851 + j*(-12851)
-12851 + j*(-12851)
-12851 + j*(-12851)
-12851 + j*(-12851)
-12851 + j*(-12851)
-12851 + j*(-12851)
-12851 + j*(-12851)
-12851 + j*(-12851)
-12851 + j*(-12851)
-12851 + j*(-12851)
-12851 + j*(-12851)
-17 + j*(3)
-6 + j*(-12)
2 + j*(0)
-15 + j*(-4)
1 + j*(2)
-3 + j*(-7)
16 + j*(-9)
-3 + j*(-6)
5 + j*(5)
5 + j*(-10)
-3 + j*(0)
3 + j*(10)
-1 + j*(-9)
6 + j*(-9)
3 + j*(5)
1 + j*(2)
-5 + j*(12)
-5 + j*(12)
5 + j*(-5)
-3 + j*(15)
5 + j*(0)
10 + j*(0)
2 + j*(-7)
4 + j*(-13)
-1 + j*(5)
-15 + j*(-12)
5 + j*(-6)
-5 + j*(2)
-1 + j*(4)
7 + j*(5)
-10 + j*(-1)
-4 + j*(-5)
1 + j*(2)
13 + j*(4)
3 + j*(-12)
0 + j*(-3)
10 + j*(12)
-3 + j*(-3)
0 + j*(14)
-8 + j*(11)
9 + j*(2)
-15 + j*(-16)
-4 + j*(4)
16 + j*(3)
6 + j*(-1)
1 + j*(0)
6 + j*(3)
-4 + j*(10)
-5 + j*(-7)
2 + j*(-12)
2 + j*(3)
0 + j*(14)
14 + j*(-2)
7 + j*(-5)
-13 + j*(-9)
4 + j*(3)
6 + j*(4)
11 + j*(-2)
14 + j*(4)
12 + j*(-1)
1 + j*(2)
-4 + j*(-9)
2 + j*(4)
-6 + j*(2)
7 + j*(-15)
12 + j*(4)
-8 + j*(-12)
-2 + j*(2)
-13 + j*(0)
3 + j*(8)
-3 + j*(-2)
-3 + j*(7)
7 + j*(3)
-21 + j*(-9)
-3 + j*(2)
2 + j*(-7)
-7 + j*(0)
-2 + j*(-6)
-13 + j*(8)
-7 + j*(-7)
-13 + j*(9)
-4 + j*(7)
-8 + j*(0)
-1 + j*(-1)
7 + j*(3)
6 + j*(-4)
-9 + j*(-11)
-10 + j*(-2)
16 + j*(7)
5 + j*(-19)
3 + j*(12)
0 + j*(8)
1 + j*(-1)
-18 + j*(0)
13 + j*(4)
6 + j*(-10)
-10 + j*(4)
-1 + j*(3)
10 + j*(13)
0 + j*(2)
0 + j*(5)
-6 + j*(-16)
-4 + j*(-8)
4 + j*(10)
-8 + j*(-1)
5 + j*(-5)
-4 + j*(-3)
3 + j*(1)
5 + j*(0)
2 + j*(-8)
10 + j*(-4)
9 + j*(-1)
-7 + j*(1)
6 + j*(6)
-10 + j*(-6)
2 + j*(-1)
11 + j*(4)
-10 + j*(0)
3 + j*(-9)
1 + j*(6)
-18 + j*(6)
5 + j*(-12)
-12 + j*(-9)
7 + j*(-2)
1 + j*(4)
3 + j*(5)
19 + j*(-15)
-12 + j*(-13)
3 + j*(-2)
-3 + j*(-9)
6 + j*(0)
2 + j*(12)
9 + j*(-7)
7 + j*(-12)
-4 + j*(1)
-10 + j*(1)
3 + j*(-15)
-7 + j*(7)
2 + j*(0)
3 + j*(1)
6 + j*(-17)
15 + j*(-17)
-19 + j*(-2)
1 + j*(2)
-6 + j*(3)
7 + j*(8)
10 + j*(0)
0 + j*(4)
3 + j*(-5)
2 + j*(14)
-3 + j*(-1)
1 + j*(3)
-1 + j*(-3)
-7 + j*(-2)
0 + j*(0)
7 + j*(4)
-9 + j*(-10)
21 + j*(2)
-8 + j*(-1)
14 + j*(-6)
0 + j*(5)
11 + j*(-2)
-2 + j*(5)
-5 + j*(-1)
6 + j*(-5)
2 + j*(9)
-10 + j*(-10)
3 + j*(-13)
-2 + j*(-4)
-11 + j*(-1)
-11 + j*(9)
-7 + j*(-1)
-6 + j*(6)
7 + j*(-8)
5 + j*(11)
-11 + j*(7)
8 + j*(-9)
-1 + j*(-8)
0 + j*(-2)
-3 + j*(13)
-2 + j*(11)
3 + j*(-1)
-6 + j*(-6)
-9 + j*(8)
0 + j*(-3)
-3 + j*(2)
-3 + j*(-7)
-8 + j*(2)
9 + j*(9)
9 + j*(-1)
-4 + j*(-6)
3 + j*(-2)
-18 + j*(0)
-12 + j*(-3)
-9 + j*(-10)
-6 + j*(-2)
5 + j*(-8)
-6 + j*(-4)
-11 + j*(-7)
-11 + j*(4)
-8 + j*(-5)
-2 + j*(6)
-10 + j*(-13)
13 + j*(4)
-11 + j*(1)
6 + j*(5)
0 + j*(10)
-4 + j*(-8)
7 + j*(-10)
-7 + j*(5)
6 + j*(-12)
-3 + j*(-2)
-5 + j*(-9)
9 + j*(1)
-4 + j*(-4)
7 + j*(0)
-4 + j*(-14)
3 + j*(-5)
-7 + j*(-7)
14 + j*(6)
7 + j*(0)
6 + j*(5)
-5 + j*(0)
-2 + j*(7)
5 + j*(-3)
10 + j*(5)
-5 + j*(-3)
-1 + j*(3)
8 + j*(-3)
-7 + j*(2)
-1 + j*(1)
-6 + j*(16)
2 + j*(-8)
-6 + j*(8)
