pdcch0_rxF_comp0 = [37 + j*(28)
36 + j*(31)
-35 + j*(-26)
32 + j*(-38)
31 + j*(30)
32 + j*(-30)
-30 + j*(-29)
-29 + j*(-28)
30 + j*(-27)
29 + j*(31)
28 + j*(-31)
29 + j*(-30)
-32 + j*(-32)
-35 + j*(-36)
33 + j*(-33)
33 + j*(32)
32 + j*(-29)
-32 + j*(33)
28 + j*(-32)
32 + j*(-36)
-32 + j*(-30)
-33 + j*(27)
27 + j*(-35)
-29 + j*(27)
-35 + j*(-33)
29 + j*(27)
27 + j*(27)
28 + j*(28)
-35 + j*(25)
-30 + j*(-29)
28 + j*(26)
32 + j*(-33)
26 + j*(28)
-32 + j*(-29)
-31 + j*(35)
30 + j*(-30)
35 + j*(-32)
30 + j*(34)
-36 + j*(-35)
35 + j*(-33)
33 + j*(35)
32 + j*(-26)
-34 + j*(-34)
-31 + j*(33)
-28 + j*(28)
29 + j*(29)
34 + j*(-33)
-28 + j*(32)
-35 + j*(-34)
-31 + j*(29)
-31 + j*(-35)
-34 + j*(32)
-32 + j*(31)
32 + j*(-27)
-31 + j*(34)
32 + j*(34)
35 + j*(32)
35 + j*(29)
-32 + j*(-28)
-32 + j*(-28)
27 + j*(28)
31 + j*(27)
-31 + j*(-31)
-36 + j*(-32)
28 + j*(-37)
-35 + j*(-28)
28 + j*(29)
32 + j*(29)
-33 + j*(-34)
-31 + j*(28)
-33 + j*(-28)
28 + j*(-33)
-35 + j*(-32)
26 + j*(-36)
-33 + j*(-28)
-31 + j*(-26)
-37 + j*(-36)
-32 + j*(-31)
32 + j*(-30)
30 + j*(32)
-30 + j*(-37)
-34 + j*(28)
-29 + j*(24)
27 + j*(-31)
26 + j*(-32)
-28 + j*(31)
-23 + j*(-30)
-32 + j*(24)
-30 + j*(27)
31 + j*(-32)
-29 + j*(32)
35 + j*(-38)
-33 + j*(28)
27 + j*(-31)
32 + j*(-37)
35 + j*(-33)
35 + j*(30)
36 + j*(36)
31 + j*(33)
31 + j*(32)
-34 + j*(29)
36 + j*(31)
-32 + j*(26)
-30 + j*(-32)
31 + j*(34)
-34 + j*(-32)
35 + j*(-30)
29 + j*(-32)
33 + j*(-32)
30 + j*(29)
-33 + j*(-32)
-31 + j*(21)
-33 + j*(31)
-30 + j*(29)
-30 + j*(-36)
-36 + j*(-34)
-34 + j*(34)
-30 + j*(-34)
35 + j*(-26)
33 + j*(36)
34 + j*(-27)
-33 + j*(-37)
-30 + j*(-40)
-34 + j*(35)
28 + j*(31)
-36 + j*(-35)
31 + j*(28)
31 + j*(27)
27 + j*(-32)
28 + j*(27)
30 + j*(32)
28 + j*(33)
25 + j*(-31)
-34 + j*(-34)
-39 + j*(-35)
-35 + j*(-35)
31 + j*(-39)
38 + j*(33)
-35 + j*(-35)
-35 + j*(-32)
32 + j*(33)
-36 + j*(-36)
33 + j*(-36)
-33 + j*(34)
-34 + j*(34)
-36 + j*(28)
36 + j*(-31)
-33 + j*(34)
32 + j*(32)
33 + j*(-34)
29 + j*(-31)
-30 + j*(-32)
31 + j*(-32)
31 + j*(-32)
33 + j*(-29)
30 + j*(34)
38 + j*(-31)
-38 + j*(24)
-31 + j*(25)
-30 + j*(-32)
32 + j*(29)
33 + j*(-31)
38 + j*(-26)
-29 + j*(-33)
-36 + j*(31)
36 + j*(35)
-34 + j*(-34)
33 + j*(-36)
-38 + j*(-34)
36 + j*(35)
-33 + j*(-37)
-33 + j*(28)
32 + j*(-31)
-30 + j*(30)
-38 + j*(33)
-34 + j*(33)
28 + j*(35)
34 + j*(33)
-35 + j*(28)
-32 + j*(27)
29 + j*(31)
28 + j*(36)
-28 + j*(-34)
-36 + j*(31)
-34 + j*(31)
-31 + j*(25)
-34 + j*(-34)
29 + j*(32)
-32 + j*(28)
-25 + j*(27)
-30 + j*(31)
26 + j*(27)
-29 + j*(36)
-33 + j*(-32)
-31 + j*(30)
-29 + j*(-34)
-31 + j*(28)
-37 + j*(28)
-37 + j*(30)
-35 + j*(-38)
-12851 + j*(-12851)
-12851 + j*(-12851)
-12851 + j*(-12851)
-12851 + j*(-12851)
-12851 + j*(-12851)
-12851 + j*(-12851)
-12851 + j*(-12851)
-12851 + j*(-12851)
-12851 + j*(-12851)
-12851 + j*(-12851)
-12851 + j*(-12851)
-12851 + j*(-12851)
-12851 + j*(-12851)
-12851 + j*(-12851)
-12851 + j*(-12851)
-12851 + j*(-12851)
-12851 + j*(-12851)
-12851 + j*(-12851)
-12851 + j*(-12851)
-12851 + j*(-12851)
-12851 + j*(-12851)
-12851 + j*(-12851)
-12851 + j*(-12851)
-12851 + j*(-12851)
-12851 + j*(-12851)
-12851 + j*(-12851)
-12851 + j*(-12851)
-12851 + j*(-12851)
-12851 + j*(-12851)
-12851 + j*(-12851)
-12851 + j*(-12851)
-12851 + j*(-12851)
-12851 + j*(-12851)
-12851 + j*(-12851)
-12851 + j*(-12851)
-12851 + j*(-12851)
-12851 + j*(-12851)
-12851 + j*(-12851)
-12851 + j*(-12851)
-12851 + j*(-12851)
-12851 + j*(-12851)
-12851 + j*(-12851)
-12851 + j*(-12851)
-12851 + j*(-12851)
-12851 + j*(-12851)
-12851 + j*(-12851)
-12851 + j*(-12851)
-12851 + j*(-12851)
-12851 + j*(-12851)
-12851 + j*(-12851)
-12851 + j*(-12851)
-12851 + j*(-12851)
-12851 + j*(-12851)
-12851 + j*(-12851)
-12851 + j*(-12851)
-12851 + j*(-12851)
-12851 + j*(-12851)
-12851 + j*(-12851)
-12851 + j*(-12851)
-12851 + j*(-12851)
-12851 + j*(-12851)
-12851 + j*(-12851)
-12851 + j*(-12851)
-12851 + j*(-12851)
-12851 + j*(-12851)
-12851 + j*(-12851)
-12851 + j*(-12851)
-12851 + j*(-12851)
-12851 + j*(-12851)
-12851 + j*(-12851)
-12851 + j*(-12851)
-12851 + j*(-12851)
-12851 + j*(-12851)
-12851 + j*(-12851)
-12851 + j*(-12851)
-12851 + j*(-12851)
-12851 + j*(-12851)
-12851 + j*(-12851)
-12851 + j*(-12851)
-12851 + j*(-12851)
-12851 + j*(-12851)
-12851 + j*(-12851)
-12851 + j*(-12851)
-12851 + j*(-12851)
-12851 + j*(-12851)
-12851 + j*(-12851)
-12851 + j*(-12851)
-12851 + j*(-12851)
-12851 + j*(-12851)
-12851 + j*(-12851)
-12851 + j*(-12851)
-12851 + j*(-12851)
-12851 + j*(-12851)
-12851 + j*(-12851)
-12851 + j*(-12851)
-12851 + j*(-12851)
-12851 + j*(-12851)
-12851 + j*(-12851)
-12851 + j*(-12851)
-12851 + j*(-12851)
2 + j*(-5)
4 + j*(0)
-1 + j*(0)
3 + j*(-4)
-1 + j*(-1)
2 + j*(0)
-1 + j*(5)
2 + j*(0)
-3 + j*(0)
1 + j*(2)
0 + j*(-1)
-3 + j*(-2)
2 + j*(1)
0 + j*(2)
-2 + j*(-1)
-1 + j*(-1)
-2 + j*(-4)
-2 + j*(-4)
0 + j*(1)
-3 + j*(-4)
-1 + j*(1)
-2 + j*(2)
1 + j*(1)
2 + j*(3)
-2 + j*(-2)
5 + j*(-2)
0 + j*(2)
0 + j*(-2)
-1 + j*(-1)
-3 + j*(0)
1 + j*(-3)
1 + j*(-1)
-1 + j*(-1)
-4 + j*(2)
2 + j*(2)
0 + j*(0)
-5 + j*(0)
1 + j*(-1)
-4 + j*(-3)
-1 + j*(-4)
-3 + j*(1)
6 + j*(-1)
-1 + j*(-2)
-4 + j*(2)
-1 + j*(1)
-1 + j*(0)
-2 + j*(0)
-2 + j*(-3)
2 + j*(0)
2 + j*(2)
-2 + j*(-1)
-4 + j*(-3)
-3 + j*(3)
-1 + j*(2)
4 + j*(-2)
-2 + j*(0)
-3 + j*(0)
-2 + j*(3)
-4 + j*(2)
-3 + j*(3)
-1 + j*(-1)
2 + j*(0)
-2 + j*(-1)
0 + j*(-2)
2 + j*(4)
-4 + j*(2)
4 + j*(0)
-1 + j*(-1)
2 + j*(-4)
-3 + j*(-1)
1 + j*(-1)
-2 + j*(-3)
-3 + j*(1)
6 + j*(-4)
0 + j*(-2)
1 + j*(1)
1 + j*(-2)
1 + j*(0)
0 + j*(-5)
3 + j*(-1)
0 + j*(-5)
-1 + j*(-3)
1 + j*(-2)
0 + j*(-1)
-3 + j*(1)
-1 + j*(2)
4 + j*(-1)
2 + j*(-3)
-5 + j*(2)
3 + j*(4)
-4 + j*(-2)
-2 + j*(-2)
0 + j*(0)
3 + j*(-5)
-4 + j*(2)
1 + j*(3)
0 + j*(-4)
-1 + j*(-1)
-6 + j*(0)
-1 + j*(-1)
-2 + j*(-1)
5 + j*(1)
2 + j*(0)
-4 + j*(-1)
1 + j*(-2)
0 + j*(2)
1 + j*(-1)
-1 + j*(0)
-1 + j*(1)
1 + j*(1)
-1 + j*(3)
-2 + j*(2)
0 + j*(-2)
-3 + j*(0)
3 + j*(-2)
-1 + j*(0)
-4 + j*(1)
1 + j*(-3)
1 + j*(2)
-2 + j*(-1)
2 + j*(-6)
1 + j*(3)
4 + j*(-1)
-1 + j*(1)
-2 + j*(-1)
-2 + j*(-1)
0 + j*(6)
4 + j*(-1)
-1 + j*(0)
2 + j*(0)
-2 + j*(1)
-3 + j*(-2)
-1 + j*(3)
1 + j*(3)
0 + j*(-2)
1 + j*(-3)
2 + j*(3)
-1 + j*(-3)
-1 + j*(0)
-1 + j*(0)
3 + j*(4)
1 + j*(6)
3 + j*(-5)
-1 + j*(-1)
0 + j*(-2)
-4 + j*(0)
-2 + j*(2)
-1 + j*(-1)
0 + j*(1)
-4 + j*(-3)
0 + j*(-1)
-1 + j*(-1)
0 + j*(0)
1 + j*(-2)
0 + j*(0)
-3 + j*(0)
3 + j*(-1)
-5 + j*(4)
1 + j*(-2)
-2 + j*(4)
-2 + j*(-1)
-2 + j*(3)
-1 + j*(-2)
1 + j*(-2)
0 + j*(2)
-3 + j*(-2)
4 + j*(-1)
2 + j*(3)
1 + j*(0)
2 + j*(-3)
-1 + j*(-5)
1 + j*(-2)
-1 + j*(-3)
0 + j*(3)
-4 + j*(-1)
0 + j*(-5)
0 + j*(3)
2 + j*(1)
0 + j*(0)
-3 + j*(-4)
-2 + j*(-3)
-1 + j*(0)
2 + j*(-1)
-1 + j*(-4)
0 + j*(0)
0 + j*(-2)
2 + j*(0)
1 + j*(-3)
-5 + j*(0)
-2 + j*(2)
2 + j*(0)
-1 + j*(1)
2 + j*(-4)
2 + j*(-3)
3 + j*(-1)
1 + j*(-2)
1 + j*(2)
2 + j*(-1)
3 + j*(-2)
1 + j*(-4)
2 + j*(-2)
-2 + j*(-2)
5 + j*(0)
-4 + j*(2)
1 + j*(-4)
-3 + j*(0)
-3 + j*(-2)
2 + j*(0)
1 + j*(3)
0 + j*(-3)
1 + j*(3)
1 + j*(-1)
3 + j*(0)
-2 + j*(1)
1 + j*(-1)
-2 + j*(1)
3 + j*(1)
0 + j*(1)
2 + j*(-1)
-4 + j*(2)
-2 + j*(1)
-3 + j*(0)
0 + j*(-2)
-2 + j*(-2)
-1 + j*(1)
-3 + j*(1)
1 + j*(-1)
-1 + j*(-1)
-1 + j*(2)
0 + j*(-3)
-1 + j*(-1)
-3 + j*(-5)
1 + j*(2)
-1 + j*(-3)
-1 + j*(-2)
-1 + j*(-1)
-1 + j*(5)
-1 + j*(0)
2 + j*(0)
2 + j*(-2)
-2 + j*(-4)
4 + j*(1)
-1 + j*(-2)
-1 + j*(-1)
-1 + j*(2)
4 + j*(2)
-3 + j*(0)
-3 + j*(0)
3 + j*(-2)
-4 + j*(-1)
1 + j*(-4)
1 + j*(-2)
-2 + j*(-4)
-1 + j*(0)
-2 + j*(-1)
2 + j*(-3)
