pdcch_llr = [31
28
31
31
-32
-26
31
-32
31
30
31
-30
-30
-29
-29
-28
30
-27
29
31
28
-31
29
-30
-32
-32
-32
-32
31
-32
31
31
31
-29
-32
31
28
-32
31
-32
-32
-30
-32
27
27
-32
-29
27
-32
-32
29
27
27
27
28
28
-32
25
-30
-29
28
26
31
-32
26
28
-32
-29
-31
31
30
-30
31
-32
30
31
-32
-32
31
-32
31
31
31
-26
-32
-32
-31
31
-28
28
29
29
31
-32
-28
31
-32
-32
-31
29
-31
-32
-32
31
-32
31
31
-27
-31
31
31
31
31
31
31
29
-32
-28
-32
-28
27
28
31
27
-31
-31
-32
-32
28
-32
-32
-28
28
29
31
29
-32
-32
-31
28
-32
-28
28
-32
-32
-32
26
-32
-32
-28
-31
-26
-32
-32
-32
-31
31
-30
30
31
-30
-32
-32
28
-29
24
27
-31
26
-32
-28
31
-23
-30
-32
24
-30
27
31
-32
-29
31
31
-32
-32
28
27
-31
31
-32
31
-32
31
30
31
31
31
31
31
31
-32
29
31
31
-32
26
-30
-32
31
31
-32
-32
31
-30
29
-32
31
-32
30
29
-32
-32
-31
21
-32
31
-30
29
-30
-32
-32
-32
-32
31
-30
-32
31
-26
31
31
31
-27
-32
-32
-30
-32
-32
31
28
31
-32
-32
31
28
31
27
27
-32
28
27
30
31
28
31
25
-31
-32
-32
-32
-32
-32
-32
31
-32
31
31
-32
-32
-32
-32
31
31
-32
-32
31
-32
-32
31
-32
31
-32
28
31
-31
-32
31
31
31
31
-32
29
-31
-30
-32
31
-32
31
-32
31
-29
30
31
31
-31
-32
24
-31
25
-30
-32
31
29
31
-31
31
-26
-29
-32
-32
31
31
31
-32
-32
31
-32
-32
-32
31
31
-32
-32
-32
28
31
-31
-30
30
-32
31
-32
31
28
31
31
31
-32
28
-32
27
29
31
28
31
-28
-32
-32
31
-32
31
-31
25
-32
-32
29
31
-32
28
-25
27
-30
31
26
27
-29
31
-32
-32
-31
30
-29
-32
-31
28
-32
28
-32
30
-32
-32
-51
-51
-51
-51
-51
-51
-51
-51
-51
-51
-51
-51
-51
-51
-51
-51
-51
-51
-51
-51
-51
-51
-51
-51
-51
-51
-51
-51
-51
-51
-51
-51
-51
-51
-51
-51
-51
-51
-51
-51
-51
-51
-51
-51
-51
-51
-51
-51
-51
-51
-51
-51
-51
-51
-51
-51
-51
-51
-51
-51
-51
-51
-51
-51
-51
-51
-51
-51
-51
-51
-51
-51
-51
-51
-51
-51
-51
-51
-51
-51
-51
-51
-51
-51
-51
-51
-51
-51
-51
-51
-51
-51
-51
-51
-51
-51
-51
-51
-51
-51
-51
-51
-51
-51
-51
-51
-51
-51
-51
-51
-51
-51
-51
-51
-51
-51
-51
-51
-51
-51
-51
-51
-51
-51
-51
-51
-51
-51
-51
-51
-51
-51
-51
-51
-51
-51
-51
-51
-51
-51
-51
-51
-51
-51
-51
-51
-51
-51
-51
-51
-51
-51
-51
-51
-51
-51
-51
-51
-51
-51
-51
-51
-51
-51
-51
-51
-51
-51
-51
-51
-51
-51
-51
-51
-51
-51
-51
-51
-51
-51
-51
-51
-51
-51
-51
-51
-51
-51
-51
-51
-51
-51
-51
-51
-51
-51
-51
-51
-51
-51
2
-5
4
0
-1
0
3
-4
-1
-1
2
0
-1
5
2
0
-3
0
1
2
0
-1
-3
-2
2
1
0
2
-2
-1
-1
-1
-2
-4
-2
-4
0
1
-3
-4
-1
1
-2
2
1
1
2
3
-2
-2
5
-2
0
2
0
-2
-1
-1
-3
0
1
-3
1
-1
-1
-1
-4
2
2
2
0
0
-5
0
1
-1
-4
-3
-1
-4
-3
1
6
-1
-1
-2
-4
2
-1
1
-1
0
-2
0
-2
-3
2
0
2
2
-2
-1
-4
-3
-3
3
-1
2
4
-2
-2
0
-3
0
-2
3
-4
2
-3
3
-1
-1
2
0
-2
-1
0
-2
2
4
-4
2
4
0
-1
-1
2
-4
-3
-1
1
-1
-2
-3
-3
1
6
-4
0
-2
1
1
1
-2
1
0
0
-5
3
-1
0
-5
-1
-3
1
-2
0
-1
-3
1
-1
2
4
-1
2
-3
-5
2
3
4
-4
-2
-2
-2
0
0
3
-5
-4
2
1
3
0
-4
-1
-1
-6
0
-1
-1
-2
-1
5
1
2
0
-4
-1
1
-2
0
2
1
-1
-1
0
-1
1
1
1
-1
3
-2
2
0
-2
-3
0
3
-2
-1
0
-4
1
1
-3
1
2
-2
-1
2
-6
1
3
4
-1
-1
1
-2
-1
-2
-1
0
6
4
-1
-1
0
2
0
-2
1
-3
-2
-1
3
1
3
0
-2
1
-3
2
3
-1
-3
-1
0
-1
0
3
4
1
6
3
-5
-1
-1
0
-2
-4
0
-2
2
-1
-1
0
1
-4
-3
0
-1
-1
-1
0
0
1
-2
0
0
-3
0
3
-1
-5
4
1
-2
-2
4
-2
-1
-2
3
-1
-2
1
-2
0
2
-3
-2
4
-1
2
3
1
0
2
-3
-1
-5
1
-2
-1
-3
0
3
-4
-1
0
-5
0
3
2
1
0
0
-3
-4
-2
-3
-1
0
2
-1
-1
-4
0
0
0
-2
2
0
1
-3
-5
0
-2
2
2
0
-1
1
2
-4
2
-3
3
-1
1
-2
1
2
2
-1
3
-2
1
-4
2
-2
-2
-2
5
0
-4
2
1
-4
-3
0
-3
-2
2
0
1
3
0
-3
1
3
1
-1
3
0
-2
1
1
-1
-2
1
3
1
0
1
2
-1
-4
2
-2
1
-3
0
0
-2
-2
-2
-1
1
-3
1
1
-1
-1
-1
-1
2
0
-3
-1
-1
-3
-5
1
2
-1
-3
-1
-2
-1
-1
-1
5
-1
0
2
0
2
-2
-2
-4
4
1
-1
-2
-1
-1
-1
2
4
2
-3
0
-3
0
3
-2
-4
-1
1
-4
1
-2
-2
-4
-1
0
-2
-1
2
-3
-1
3
1
-3
1
-2
4
-2
1
0
0
-2
2
0
-3
-4
-2
-2
-3
0
3
0
1
-1
-5
2
5
1
-2
-1
3
-2
-2
1
4
2
0
-3
-2
-1
0
-3
1
0
1
-4
0
2
0
3
-4
-3
-1
4
1
-1
1
2
2
-1
-2
4
-4
-1
0
1
-3
0
2
0
1
0
2
3
-1
2
1
-2
-3
2
4
0
0
0
4
-1
4
-2
1
-3
-3
-1
-1
0
3
-2
0
-4
1
-3
1
4
-4
-1
1
-2
2
2
1
4
-2
2
-2
-1
0
-2
-3
-1
-2
-2
1
-4
4
-1
-1
-3
-1
-1
0
2
1
2
-1
2
-4
-3
-2
1
-1
-2
-3
2
0
-3
-1
-1
-1
3
-3
-4
-2
-4
2
1
0
-2
0
0
1
1
-1
1
-2
-3
1
-4
3
2
0
-1
0
-3
-1
-3
5
-1
-2
-2
2
-2
-3
0
-4
4
0
0
1
3
-2
-2
0
-3
-2
-2
-2
0
3
1
-3
-2
-1
-1
0
-1
-2
1
1
0
0
1
1
-2
-1
-3
2
0
2
1
0
0
-1
4
-4
-2
-4
-2
-2
-2
-2
-3
0
-4
2
2
1
0
0
3
1
-4
2
0
1
3
-2
-2
1
0
-5
0
3
3
-1
-1
-4
-3
0
0
-2
-6
0
1
-1
2
0
3
-3
2
-3
-3
-3
0
4
-2
-3
1
-1
4
1
1
1
-1
-2
-3
0
-2
-1
-1
-3
-2
2
2
-1
0
-3
-1
3
2
-1
1
-1
2
-6
-1
-3
-2
-1
2
-3
-1
1
-3
0
-2
-3
-3
2
-1
-1
-1
-2
3
-4
-1
-1
-1
0
0
-1
0
4
1
0
-2
1
2
0
1
-2
-5
-5
-2
2
1
-2
-1
0
0
0
2
1
1
1
1
2
1
0
-2
-4
-4
1
-1
2
-2
1
-1
0
3
0
-3
6
-2
1
1
-1
-4
1
-3
-4
-1
0
-1
-2
-7
0
-4
-2
2
2
0
2
-1
-4
-2
-3
-4
-1
0
-3
-3
1
-1
1
2
2
1
0
-1
-1
1
-4
-4
3
-4
-1
0
-3
-2
0
-2
-1
-2
-1
-1
2
-1
3
-3
2
1
-1
2
2
-2
-1
1
0
1
-1
-1
0
-4
2
0
2
-3
0
3
-1
-2
1
4
-3
-1
0
0
-1
-4
-2
3
-1
-3
-5
-4
3
1
-1
1
1
-1
3
0
0
0
-2
-1
-2
-1
0
-3
-2
1
0
1
0
1
0
-4
0
0
-1
0
-2
-2
-4
1
3
-2
-5
1
3
-8
0
2
-4
0
-2
-1
-2
-4
-2
-1
-1
-3
1
-2
-1
0
0
-1
3
-4
3
-2
0
-4
2
-5
-3
-2
6
-4
-3
-1
2
-2
4
3
-2
0
0
0
-1
-3
0
-1
2
-3
2
0
2
0
1
-1
2
2
4
4
1
2
-3
0
1
2
0
-1
0
-3
0
-2
-3
-2
-3
-2
0
2
-3
1
4
-1
3
0
2
4
1
1
2
-3
-2
-3
-4
-2
1
2
-2
1
2
-3
-2
1
2
-3
1
5
2
0
-4
2
1
1
1
-3
1
4
-1
-2
-6
-1
1
-3
1
1
-2
-1
-2
-6
2
-3
-3
2
2
0
3
-4
-1
2
-4
-2
-2
0
-1
-4
0
-1
-2
-5
-5
5
-1
0
-1
-4
-1
5
-2
-2
0
-1
2
-2
-3
-3
-2
0
-3
-3
-2
-4
0
0
0
-1
1
-2
2
-2
0
-4
-5
0
-1
1
1
0
4
-5
-1
-1
-51
-51
-51
-51
-51
-51
-51
-51
-51
-51
-51
-51
-51
-51
-51
-51
-51
-51
-51
-51
-51
-51
-51
-51
-51
-51
-51
-51
-51
-51
-51
-51
-51
-51
-51
-51
-51
-51
-51
-51
-51
-51
-51
-51
-51
-51
-51
-51
-51
-51
-51
-51
-51
-51
-51
-51
-51
-51
-51
-51
-51
-51
-51
-51
-51
-51
-51
-51
-51
-51
-51
-51
-51
-51
-51
-51
-51
-51
-51
-51
-51
-51
-51
-51
-51
-51
-51
-51
-51
-51
-51
-51
-51
-51
-51
-51
-51
-51
-51
-51
-51
-51
-51
-51
-51
-51
-51
-51
-51
-51
-51
-51
-51
-51
-51
-51
-51
-51
-51
-51
-51
-51
-51
-51
-51
-51
-51
-51
-51
-51
-51
-51
-51
-51
-51
-51
-51
-51
-51
-51
-51
-51
-51
-51
-51
-51
-51
-51
-51
-51
-51
-51
-51
-51
-51
-51
-51
-51
-51
-51
-51
-51
-51
-51
-51
-51
-51
-51
-51
-51
-51
-51
-51
-51
-51
-51
-51
-51
-51
-51
-51
-51
-51
-51
-51
-51
-51
-51
-51
-51
-51
-51
-51
-51
-51
-51
