prachp = [32767 + j*(-27668)
-30361 + j*(28117)
-19527 + j*(2879)
-2269 + j*(20973)
-26423 + j*(31710)
30219 + j*(-32075)
-553 + j*(-28669)
32099 + j*(26202)
8431 + j*(26638)
32362 + j*(-29673)
-3491 + j*(-32624)
28243 + j*(30026)
-29461 + j*(15490)
-9494 + j*(10776)
-11814 + j*(31771)
-25058 + j*(-20307)
30672 + j*(19625)
32239 + j*(-28055)
-32344 + j*(18629)
-31272 + j*(-22174)
26921 + j*(30672)
15705 + j*(6038)
4099 + j*(20593)
25905 + j*(32194)
-31415 + j*(-30716)
-5677 + j*(-24250)
-29132 + j*(18830)
-18931 + j*(17191)
-27130 + j*(-19919)
-13175 + j*(-25981)
-32685 + j*(31887)
13733 + j*(30758)
-14947 + j*(-14947)
30758 + j*(13733)
31887 + j*(-32685)
-25981 + j*(-13175)
-19919 + j*(-27130)
17191 + j*(-18931)
18830 + j*(-29132)
-24250 + j*(-5677)
-30716 + j*(-31415)
32194 + j*(25905)
20593 + j*(4099)
6038 + j*(15705)
30672 + j*(26921)
-22174 + j*(-31272)
18629 + j*(-32344)
-28055 + j*(32239)
19625 + j*(30672)
-20307 + j*(-25058)
31771 + j*(-11814)
10776 + j*(-9494)
15490 + j*(-29461)
30026 + j*(28243)
-32624 + j*(-3491)
-29673 + j*(32362)
26638 + j*(8431)
26202 + j*(32099)
-28669 + j*(-553)
-32075 + j*(30219)
31710 + j*(-26423)
20973 + j*(-2269)
2879 + j*(-19527)
28117 + j*(-30361)
-27668 + j*(32767)
8431 + j*(31943)
-32547 + j*(-31415)
4342 + j*(-32172)
-31198 + j*(32692)
19821 + j*(28960)
-13399 + j*(-15814)
31830 + j*(7717)
28609 + j*(-29776)
-14947 + j*(-26423)
-1534 + j*(-9259)
-7121 + j*(-32600)
-10429 + j*(-2513)
8668 + j*(-32024)
1655 + j*(-16029)
10544 + j*(-18529)
24977 + j*(-32762)
-32767 + j*(23492)
-21441 + j*(5555)
-9963 + j*(9610)
-32666 + j*(18629)
9845 + j*(-22354)
-30542 + j*(-21993)
8904 + j*(17399)
-32762 + j*(7240)
-12724 + j*(8904)
-18326 + j*(26349)
-32419 + j*(-32218)
28366 + j*(-12950)
16771 + j*(-21993)
-6160 + j*(-29243)
-62 + j*(-11585)
-798 + j*(-29978)
3612 + j*(-19330)
-12950 + j*(-17504)
-24899 + j*(-32756)
32634 + j*(20402)
25292 + j*(-1288)
1900 + j*(18223)
30026 + j*(27197)
-21626 + j*(-30630)
21161 + j*(-31344)
-24739 + j*(30313)
25448 + j*(26202)
-11124 + j*(-16029)
32400 + j*(2145)
23663 + j*(-23579)
-1779 + j*(-32487)
16771 + j*(12155)
-26991 + j*(-24414)
-30965 + j*(26054)
31943 + j*(-19131)
31517 + j*(23832)
-28904 + j*(-28429)
-21255 + j*(2145)
5555 + j*(-27928)
-16455 + j*(-31802)
32194 + j*(20973)
22082 + j*(7240)
13955 + j*(2879)
32049 + j*(7717)
4585 + j*(-7360)
31887 + j*(-1779)
15273 + j*(-9023)
20402 + j*(-22887)
32611 + j*(32435)
-19527 + j*(25601)
1165 + j*(2635)
-17087 + j*(30758)
-25679 + j*(-19131)
29074 + j*(24331)
29514 + j*(-20690)
-27402 + j*(29187)
-21068 + j*(-3247)
7956 + j*(29724)
-11814 + j*(29620)
29826 + j*(-13175)
28609 + j*(4585)
1165 + j*(-16667)
31517 + j*(-22710)
-13623 + j*(24331)
29927 + j*(22263)
-8076 + j*(-15599)
32655 + j*(-2758)
17813 + j*(-15382)
11008 + j*(-30801)
29187 + j*(27991)
-32518 + j*(-1043)
-27799 + j*(31082)
22082 + j*(16134)
19230 + j*(27991)
-20499 + j*(13286)
-25371 + j*(32501)
31159 + j*(-10429)
31997 + j*(19428)
-20114 + j*(-32454)
6279 + j*(-28787)
-30630 + j*(18426)
-22533 + j*(9140)
-17917 + j*(-4222)
-28669 + j*(-4465)
-18326 + j*(9845)
-21810 + j*(19428)
-31122 + j*(-29568)
8193 + j*(-32075)
-18122 + j*(17191)
31234 + j*(-13399)
32049 + j*(32763)
-27668 + j*(9375)
-23748 + j*(30123)
22973 + j*(11469)
25754 + j*(32400)
-30452 + j*(-7121)
-32685 + j*(24000)
25448 + j*(-32487)
3855 + j*(-21626)
23832 + j*(5313)
30923 + j*(-7599)
674 + j*(14837)
32469 + j*(16981)
-4222 + j*(-14509)
32744 + j*(-6881)
11698 + j*(-6401)
21533 + j*(-22710)
32692 + j*(32675)
-22174 + j*(22443)
-4708 + j*(9610)
-9494 + j*(32708)
-17711 + j*(-8313)
20784 + j*(31379)
19625 + j*(-5435)
-13845 + j*(32532)
-2269 + j*(17607)
-14509 + j*(12610)
-29878 + j*(30496)
29826 + j*(-31616)
4342 + j*(-24084)
28243 + j*(15920)
22798 + j*(11238)
21717 + j*(-11355)
22621 + j*(-16242)
28488 + j*(24495)
3612 + j*(31830)
29407 + j*(-30076)
-30361 + j*(-11355)
-15814 + j*(-18931)
-553 + j*(-32261)
-12042 + j*(3368)
17813 + j*(-31971)
18830 + j*(5797)
-15382 + j*(-32756)
-6641 + j*(-12497)
-7838 + j*(-19919)
-24577 + j*(-32749)
32733 + j*(25292)
18426 + j*(10312)
15490 + j*(2635)
32282 + j*(10312)
429 + j*(-12724)
32763 + j*(-10196)
5797 + j*(2390)
28728 + j*(-10661)
27333 + j*(25601)
-2024 + j*(32721)
21161 + j*(-19330)
-31616 + j*(13286)
-32261 + j*(-32716)
29407 + j*(-4708)
27468 + j*(-32218)
-28181 + j*(-2024)
-30965 + j*(-31971)
32752 + j*(20209)
27862 + j*(-9729)
-10661 + j*(29297)
16134 + j*(32239)
-32729 + j*(-25830)
-14289 + j*(-18122)
-25215 + j*(13510)
-22887 + j*(13510)
-25215 + j*(-18122)
-14289 + j*(-25830)
-32729 + j*(32239)
16134 + j*(29297)
-10661 + j*(-9729)
27862 + j*(20209)
32752 + j*(-31971)
-30965 + j*(-2024)
-28181 + j*(-32218)
27468 + j*(-4708)
29407 + j*(-32716)
-32261 + j*(13286)
-31616 + j*(-19330)
21161 + j*(32721)
-2024 + j*(25601)
27333 + j*(-10661)
28728 + j*(2390)
5797 + j*(-10196)
32763 + j*(-12724)
429 + j*(10312)
32282 + j*(2635)
15490 + j*(10312)
18426 + j*(25292)
32733 + j*(-32749)
-24577 + j*(-19919)
-7838 + j*(-12497)
-6641 + j*(-32756)
-15382 + j*(5797)
18830 + j*(-31971)
17813 + j*(3368)
-12042 + j*(-32261)
-553 + j*(-18931)
-15814 + j*(-11355)
-30361 + j*(-30076)
29407 + j*(31830)
3612 + j*(24495)
28488 + j*(-16242)
22621 + j*(-11355)
21717 + j*(11238)
22798 + j*(15920)
28243 + j*(-24084)
4342 + j*(-31616)
29826 + j*(30496)
-29878 + j*(12610)
-14509 + j*(17607)
-2269 + j*(32532)
-13845 + j*(-5435)
19625 + j*(31379)
20784 + j*(-8313)
-17711 + j*(32708)
-9494 + j*(9610)
-4708 + j*(22443)
-22174 + j*(32675)
32692 + j*(-22710)
21533 + j*(-6401)
11698 + j*(-6881)
32744 + j*(-14509)
-4222 + j*(16981)
32469 + j*(14837)
674 + j*(-7599)
30923 + j*(5313)
23832 + j*(-21626)
3855 + j*(-32487)
25448 + j*(24000)
-32685 + j*(-7121)
-30452 + j*(32400)
25754 + j*(11469)
22973 + j*(30123)
-23748 + j*(9375)
-27668 + j*(32763)
32049 + j*(-13399)
31234 + j*(17191)
-18122 + j*(-32075)
8193 + j*(-29568)
-31122 + j*(19428)
-21810 + j*(9845)
-18326 + j*(-4465)
-28669 + j*(-4222)
-17917 + j*(9140)
-22533 + j*(18426)
-30630 + j*(-28787)
6279 + j*(-32454)
-20114 + j*(19428)
31997 + j*(-10429)
31159 + j*(32501)
-25371 + j*(13286)
-20499 + j*(27991)
19230 + j*(16134)
22082 + j*(31082)
-27799 + j*(-1043)
-32518 + j*(27991)
29187 + j*(-30801)
11008 + j*(-15382)
17813 + j*(-2758)
32655 + j*(-15599)
-8076 + j*(22263)
29927 + j*(24331)
-13623 + j*(-22710)
31517 + j*(-16667)
1165 + j*(4585)
28609 + j*(-13175)
29826 + j*(29620)
-11814 + j*(29724)
7956 + j*(-3247)
-21068 + j*(29187)
-27402 + j*(-20690)
29514 + j*(24331)
29074 + j*(-19131)
-25679 + j*(30758)
-17087 + j*(2635)
1165 + j*(25601)
-19527 + j*(32435)
32611 + j*(-22887)
20402 + j*(-9023)
15273 + j*(-1779)
31887 + j*(-7360)
4585 + j*(7717)
32049 + j*(2879)
13955 + j*(7240)
22082 + j*(20973)
32194 + j*(-31802)
-16455 + j*(-27928)
5555 + j*(2145)
-21255 + j*(-28429)
-28904 + j*(23832)
31517 + j*(-19131)
31943 + j*(26054)
-30965 + j*(-24414)
-26991 + j*(12155)
16771 + j*(-32487)
-1779 + j*(-23579)
23663 + j*(2145)
32400 + j*(-16029)
-11124 + j*(26202)
25448 + j*(30313)
-24739 + j*(-31344)
21161 + j*(-30630)
-21626 + j*(27197)
30026 + j*(18223)
1900 + j*(-1288)
25292 + j*(20402)
32634 + j*(-32756)
-24899 + j*(-17504)
-12950 + j*(-19330)
3612 + j*(-29978)
-798 + j*(-11585)
-62 + j*(-29243)
-6160 + j*(-21993)
16771 + j*(-12950)
28366 + j*(-32218)
-32419 + j*(26349)
-18326 + j*(8904)
-12724 + j*(7240)
-32762 + j*(17399)
8904 + j*(-21993)
-30542 + j*(-22354)
9845 + j*(18629)
-32666 + j*(9610)
-9963 + j*(5555)
-21441 + j*(23492)
-32767 + j*(-32762)
24977 + j*(-18529)
10544 + j*(-16029)
1655 + j*(-32024)
8668 + j*(-2513)
-10429 + j*(-32600)
