rxsF0 = [-35 + j*(-5)
1 + j*(32)
51 + j*(-18)
124 + j*(98)
-13 + j*(76)
-107 + j*(-19)
-121 + j*(136)
59 + j*(34)
-31 + j*(145)
-5 + j*(123)
24 + j*(-49)
81 + j*(2)
8 + j*(157)
-94 + j*(57)
22 + j*(-123)
-67 + j*(-43)
19 + j*(27)
144 + j*(184)
-158 + j*(-83)
-85 + j*(-64)
2 + j*(-114)
-33 + j*(-2)
-14 + j*(-17)
25 + j*(-128)
-14 + j*(-92)
-51 + j*(-120)
-66 + j*(119)
-115 + j*(-156)
-9 + j*(-38)
16 + j*(-18)
-123 + j*(133)
167 + j*(-91)
-184 + j*(24)
11 + j*(-154)
-15 + j*(77)
44 + j*(95)
-84 + j*(-42)
-129 + j*(41)
118 + j*(67)
-89 + j*(33)
41 + j*(-4)
99 + j*(-96)
-108 + j*(-92)
-3 + j*(14)
93 + j*(50)
91 + j*(122)
51 + j*(-79)
153 + j*(-100)
-93 + j*(65)
-69 + j*(-75)
13 + j*(-112)
77 + j*(-4)
-29 + j*(104)
-27 + j*(-1)
60 + j*(-12)
71 + j*(3)
37 + j*(-61)
-68 + j*(-74)
-11 + j*(43)
146 + j*(-122)
12 + j*(20)
120 + j*(96)
102 + j*(26)
48 + j*(-48)
-11 + j*(60)
-69 + j*(44)
68 + j*(78)
-192 + j*(-100)
50 + j*(-32)
-29 + j*(112)
-3 + j*(-19)
27 + j*(8)
-79 + j*(-18)
-41 + j*(-63)
-84 + j*(-74)
4 + j*(105)
-70 + j*(4)
-28 + j*(60)
110 + j*(19)
26 + j*(113)
69 + j*(70)
84 + j*(18)
12 + j*(8)
148 + j*(111)
10 + j*(50)
-98 + j*(20)
-64 + j*(-35)
99 + j*(82)
-15 + j*(19)
51 + j*(-29)
-5 + j*(49)
34 + j*(51)
94 + j*(-71)
10 + j*(-38)
54 + j*(137)
-52 + j*(188)
109 + j*(88)
87 + j*(-66)
85 + j*(7)
-30 + j*(104)
-47 + j*(35)
66 + j*(42)
-6 + j*(36)
89 + j*(-88)
30 + j*(-17)
1 + j*(50)
-37 + j*(27)
-27 + j*(-44)
1 + j*(-45)
78 + j*(-101)
85 + j*(89)
16 + j*(-128)
20 + j*(119)
113 + j*(56)
33 + j*(71)
-111 + j*(-184)
58 + j*(107)
40 + j*(-108)
89 + j*(-52)
74 + j*(5)
-59 + j*(-142)
44 + j*(-1)
84 + j*(151)
108 + j*(-54)
54 + j*(-134)
-47 + j*(46)
-35 + j*(6)
-35 + j*(47)
-13 + j*(-82)
-87 + j*(-37)
-42 + j*(-42)
-51 + j*(-73)
-22 + j*(-67)
-85 + j*(93)
116 + j*(-155)
-17 + j*(26)
97 + j*(48)
14 + j*(-76)
-22 + j*(-44)
-4 + j*(-49)
-125 + j*(-83)
146 + j*(-26)
14 + j*(24)
-93 + j*(40)
122 + j*(-54)
112 + j*(-176)
92 + j*(135)
93 + j*(106)
-21 + j*(4)
26 + j*(65)
47 + j*(85)
-107 + j*(-33)
-91 + j*(0)
49 + j*(18)
-36 + j*(25)
-19 + j*(-81)
-15 + j*(-15)
106 + j*(8)
14 + j*(62)
8 + j*(93)
-97 + j*(11)
-107 + j*(12)
-41 + j*(-107)
-49 + j*(37)
-29 + j*(-39)
-3 + j*(8)
12 + j*(-59)
-14 + j*(-51)
-54 + j*(6)
-59 + j*(-33)
24 + j*(-41)
-74 + j*(10)
-25 + j*(60)
-15 + j*(-69)
3 + j*(86)
-45 + j*(79)
36 + j*(16)
44 + j*(36)
37 + j*(-4)
-80 + j*(-10)
-53 + j*(-27)
20 + j*(55)
41 + j*(-29)
94 + j*(46)
70 + j*(93)
103 + j*(23)
-67 + j*(-62)
-84 + j*(-63)
31 + j*(95)
84 + j*(-23)
1 + j*(-21)
126 + j*(40)
6 + j*(41)
43 + j*(-2)
-47 + j*(52)
-122 + j*(2)
36 + j*(-52)
3 + j*(58)
-130 + j*(-59)
-57 + j*(76)
-86 + j*(-75)
7 + j*(60)
-83 + j*(-10)
73 + j*(-56)
-9 + j*(-10)
34 + j*(55)
75 + j*(-11)
0 + j*(-10)
26 + j*(-24)
-46 + j*(-117)
-77 + j*(-84)
-15 + j*(-11)
-39 + j*(-55)
25 + j*(-56)
-6 + j*(113)
33 + j*(-37)
14 + j*(-23)
51 + j*(-25)
0 + j*(31)
-39 + j*(3)
-52 + j*(-187)
103 + j*(60)
-47 + j*(40)
-83 + j*(79)
6 + j*(-48)
-25 + j*(-44)
-41 + j*(-41)
-73 + j*(41)
72 + j*(2)
35 + j*(57)
-21 + j*(-39)
-32 + j*(77)
-88 + j*(-27)
-53 + j*(100)
38 + j*(-64)
-36 + j*(-21)
41 + j*(92)
38 + j*(0)
28 + j*(28)
-3 + j*(78)
70 + j*(5)
-21 + j*(36)
-76 + j*(11)
52 + j*(22)
36 + j*(11)
-26 + j*(-18)
-12 + j*(53)
16 + j*(-27)
-60 + j*(99)
64 + j*(-27)
-29 + j*(-21)
14 + j*(91)
46 + j*(-93)
-55 + j*(-79)
-70 + j*(-4)
-100 + j*(-74)
37 + j*(-5)
-3 + j*(-89)
37 + j*(3)
60 + j*(65)
26 + j*(-30)
31 + j*(38)
50 + j*(6)
-43 + j*(-41)
69 + j*(9)
102 + j*(-21)
-54 + j*(-26)
6 + j*(-77)
53 + j*(-14)
36 + j*(132)
-90 + j*(-104)
96 + j*(9)
40 + j*(-44)
-50 + j*(-63)
-41 + j*(-32)
-8 + j*(59)
-25 + j*(27)
-92 + j*(-3)
-44 + j*(-37)
-8 + j*(-80)
-19 + j*(-54)
14 + j*(-60)
-90 + j*(7)
41 + j*(28)
-84 + j*(26)
-50 + j*(-8)
-74 + j*(95)
-25 + j*(-15)
-102 + j*(35)
14 + j*(32)
-30 + j*(-62)
69 + j*(41)
64 + j*(58)
20 + j*(-47)
-20 + j*(11)
9 + j*(-8)
-1 + j*(-31)
-14 + j*(-72)
29 + j*(-3)
75 + j*(47)
76 + j*(21)
1 + j*(-76)
-78 + j*(97)
13 + j*(-66)
14 + j*(-84)
-18 + j*(-54)
47 + j*(19)
-13 + j*(-14)
-80 + j*(-131)
-35 + j*(33)
-55 + j*(-28)
-23 + j*(19)
12 + j*(20)
-11 + j*(31)
-66 + j*(-4)
-16 + j*(-94)
36 + j*(8)
-40 + j*(-29)
-52 + j*(76)
74 + j*(33)
47 + j*(36)
-34 + j*(60)
-30 + j*(-43)
-62 + j*(-71)
-12 + j*(-18)
-45 + j*(-134)
7 + j*(-42)
-33 + j*(61)
54 + j*(-75)
-11 + j*(-64)
3 + j*(-49)
89 + j*(118)
-21 + j*(-46)
70 + j*(33)
130 + j*(33)
44 + j*(47)
-31 + j*(-74)
72 + j*(-11)
-73 + j*(11)
59 + j*(-28)
-163 + j*(21)
-1 + j*(-66)
-4 + j*(-38)
27 + j*(-89)
-67 + j*(50)
82 + j*(50)
3 + j*(22)
-34 + j*(-43)
-65 + j*(-79)
-91 + j*(15)
2 + j*(71)
13 + j*(59)
-63 + j*(-35)
-13 + j*(-62)
-3 + j*(153)
17 + j*(-37)
7 + j*(-22)
66 + j*(11)
-20 + j*(-32)
40 + j*(-3)
-22 + j*(68)
-47 + j*(-1)
64 + j*(15)
45 + j*(-34)
-125 + j*(98)
21 + j*(29)
-21 + j*(-75)
7 + j*(22)
-94 + j*(-124)
-9 + j*(-3)
56 + j*(-13)
25 + j*(-30)
7 + j*(58)
-66 + j*(-41)
-119 + j*(-14)
114 + j*(31)
66 + j*(102)
-36 + j*(79)
-77 + j*(23)
144 + j*(1)
35 + j*(-88)
-79 + j*(-15)
-24 + j*(28)
60 + j*(-121)
-13 + j*(-52)
10 + j*(-15)
109 + j*(79)
12 + j*(-111)
83 + j*(-73)
64 + j*(22)
-52 + j*(-11)
42 + j*(10)
-99 + j*(-71)
6 + j*(-2)
-33 + j*(-31)
-85 + j*(-78)
-148 + j*(-87)
1 + j*(95)
44 + j*(14)
19 + j*(-19)
83 + j*(7)
32 + j*(-8)
29 + j*(51)
68 + j*(42)
96 + j*(-165)
33 + j*(-77)
-47 + j*(-41)
60 + j*(57)
-72 + j*(119)
-104 + j*(-70)
-121 + j*(41)
211 + j*(-79)
118 + j*(74)
-44 + j*(-31)
30 + j*(-101)
148 + j*(-17)
-106 + j*(10)
-92 + j*(88)
-203 + j*(-133)
-46 + j*(-80)
34 + j*(-128)
21 + j*(-52)
36 + j*(-13)
108 + j*(14)
-157 + j*(-35)
18 + j*(23)
17 + j*(-65)
-57 + j*(73)
-70 + j*(-100)
-121 + j*(-31)
-13 + j*(71)
-48 + j*(28)
-3 + j*(82)
5 + j*(-112)
-3 + j*(79)
110 + j*(12)
-147 + j*(26)
2 + j*(-55)
-77 + j*(11)
-54 + j*(-55)
17 + j*(12)
-61 + j*(63)
1 + j*(87)
-25 + j*(-81)
80 + j*(42)
157 + j*(29)
39 + j*(-61)
8 + j*(60)
47 + j*(-58)
37 + j*(-32)
8 + j*(91)
-169 + j*(-24)
-102 + j*(73)
63 + j*(-151)
102 + j*(66)
54 + j*(-30)
52 + j*(21)
47 + j*(-86)
75 + j*(161)
19 + j*(74)
-68 + j*(-85)
-14 + j*(-26)
-98 + j*(33)
-132 + j*(-126)
113 + j*(-61)
114 + j*(126)
49 + j*(44)
-38 + j*(3)
82 + j*(9)
-9 + j*(21)
97 + j*(42)
88 + j*(-22)
-50 + j*(141)
15 + j*(-23)
-52 + j*(127)
82 + j*(-104)
-162 + j*(75)
158 + j*(-50)
59 + j*(64)
-113 + j*(-86)
122 + j*(85)
1 + j*(30)
-139 + j*(157)
-14 + j*(16)
-121 + j*(96)
65 + j*(-79)
-162 + j*(-136)
3 + j*(-74)
44 + j*(76)
8 + j*(-95)
26 + j*(44)
-41 + j*(-129)
-57 + j*(-92)
23 + j*(85)
124 + j*(122)
30 + j*(-21)
-47 + j*(66)
9 + j*(28)
-36 + j*(11)
-114 + j*(-29)
34 + j*(-40)
77 + j*(23)
-6 + j*(13)
38 + j*(39)
-11 + j*(-95)
-54 + j*(-38)
-58 + j*(140)
13 + j*(-51)
98 + j*(11)
-22 + j*(77)
50 + j*(99)
-42 + j*(-143)
-14 + j*(12)
-1 + j*(57)
-7 + j*(37)
23 + j*(-102)
72 + j*(-56)
65 + j*(-23)
-81 + j*(-34)
-42 + j*(-16)
-55 + j*(-70)
3 + j*(10)
46 + j*(-20)
-73 + j*(-41)
-41 + j*(22)
104 + j*(68)
15 + j*(16)
-9 + j*(144)
-67 + j*(3)
-26 + j*(44)
7 + j*(-53)
10 + j*(-8)
-87 + j*(48)
-71 + j*(52)
-25 + j*(34)
2 + j*(-49)
20 + j*(36)
-11 + j*(2)
54 + j*(-95)
154 + j*(24)
-19 + j*(-4)
-35 + j*(-71)
-16 + j*(13)
-13 + j*(0)
6 + j*(134)
57 + j*(-30)
-6 + j*(-28)
-26 + j*(15)
19 + j*(73)
53 + j*(-28)
38 + j*(-64)
-32 + j*(-25)
-71 + j*(-63)
-18 + j*(-51)
12 + j*(26)
14 + j*(50)
-7 + j*(10)
9 + j*(48)
-122 + j*(-6)
37 + j*(108)
27 + j*(-14)
33 + j*(-61)
-10 + j*(30)
25 + j*(-57)
113 + j*(-56)
-24 + j*(-108)
-42 + j*(13)
40 + j*(73)
-74 + j*(-36)
